  1     -90.0
  2     -86.0
  3     -82.0
  4     -78.0
  5     -74.0
  6     -70.0
  7     -66.0
  8     -62.0
  9     -58.0
 10     -54.0
 11     -50.0
 12     -46.0
 13     -42.0
 14     -38.0
 15     -34.0
 16     -30.0
 17     -26.0
 18     -22.0
 19     -18.0
 20     -14.0
 21     -10.0
 22      -6.0
 23      -2.0
 24       2.0
 25       6.0
 26      10.0
 27      14.0
 28      18.0
 29      22.0
 30      26.0
 31      30.0
 32      34.0
 33      38.0
 34      42.0
 35      46.0
 36      50.0
 37      54.0
 38      58.0
 39      62.0
 40      66.0
 41      70.0
 42      74.0
 43      78.0
 44      82.0
 45      86.0
 46      90.0
  1    -177.5
  2    -172.5
  3    -167.5
  4    -162.5
  5    -157.5
  6    -152.5
  7    -147.5
  8    -142.5
  9    -137.5
 10    -132.5
 11    -127.5
 12    -122.5
 13    -117.5
 14    -112.5
 15    -107.5
 16    -102.5
 17     -97.5
 18     -92.5
 19     -87.5
 20     -82.5
 21     -77.5
 22     -72.5
 23     -67.5
 24     -62.5
 25     -57.5
 26     -52.5
 27     -47.5
 28     -42.5
 29     -37.5
 30     -32.5
 31     -27.5
 32     -22.5
 33     -17.5
 34     -12.5
 35      -7.5
 36      -2.5
 37       2.5
 38       7.5
 39      12.5
 40      17.5
 41      22.5
 42      27.5
 43      32.5
 44      37.5
 45      42.5
 46      47.5
 47      52.5
 48      57.5
 49      62.5
 50      67.5
 51      72.5
 52      77.5
 53      82.5
 54      87.5
 55      92.5
 56      97.5
 57     102.5
 58     107.5
 59     112.5
 60     117.5
 61     122.5
 62     127.5
 63     132.5
 64     137.5
 65     142.5
 66     147.5
 67     152.5
 68     157.5
 69     162.5
 70     167.5
 71     172.5
 72     177.5
  1     -90.0
  2     -86.0
  3     -82.0
  4     -78.0
  5     -74.0
  6     -70.0
  7     -66.0
  8     -62.0
  9     -58.0
 10     -54.0
 11     -50.0
 12     -46.0
 13     -42.0
 14     -38.0
 15     -34.0
 16     -30.0
 17     -26.0
 18     -22.0
 19     -18.0
 20     -14.0
 21     -10.0
 22      -6.0
 23      -2.0
 24       2.0
 25       6.0
 26      10.0
 27      14.0
 28      18.0
 29      22.0
 30      26.0
 31      30.0
 32      34.0
 33      38.0
 34      42.0
 35      46.0
 36      50.0
 37      54.0
 38      58.0
 39      62.0
 40      66.0
 41      70.0
 42      74.0
 43      78.0
 44      82.0
 45      86.0
 46      90.0
  1    -177.5
  2    -172.5
  3    -167.5
  4    -162.5
  5    -157.5
  6    -152.5
  7    -147.5
  8    -142.5
  9    -137.5
 10    -132.5
 11    -127.5
 12    -122.5
 13    -117.5
 14    -112.5
 15    -107.5
 16    -102.5
 17     -97.5
 18     -92.5
 19     -87.5
 20     -82.5
 21     -77.5
 22     -72.5
 23     -67.5
 24     -62.5
 25     -57.5
 26     -52.5
 27     -47.5
 28     -42.5
 29     -37.5
 30     -32.5
 31     -27.5
 32     -22.5
 33     -17.5
 34     -12.5
 35      -7.5
 36      -2.5
 37       2.5
 38       7.5
 39      12.5
 40      17.5
 41      22.5
 42      27.5
 43      32.5
 44      37.5
 45      42.5
 46      47.5
 47      52.5
 48      57.5
 49      62.5
 50      67.5
 51      72.5
 52      77.5
 53      82.5
 54      87.5
 55      92.5
 56      97.5
 57     102.5
 58     107.5
 59     112.5
 60     117.5
 61     122.5
 62     127.5
 63     132.5
 64     137.5
 65     142.5
 66     147.5
 67     152.5
 68     157.5
 69     162.5
 70     167.5
 71     172.5
 72     177.5
